inflow1 = 0.2;
h1 = 0 ;
h2 = 0;
b =1 ;
A1 = 1;
A2 = 1;
a1 = 1;
a2 = 1